%YAML:1.0
distribution_coefficients: !!opencv-matrix
   rows: 5
   cols: 1
   dt: d
   data: [ -7.2033864994519214e-01, 8.9628878824999614e+00, 0., 0.,
       -2.3207642759470085e+02 ]
camera_matrix: !!opencv-matrix
   rows: 3
   cols: 3
   dt: d
   data: [ 1.6548619042233183e+03, 0., 3.2350000000000000e+02, 0.,
       1.6548619042233183e+03, 2.4350000000000000e+02, 0., 0., 1. ]
inches_conversion_factor: 1.2430331675400300e-03
