%YAML:1.0
distribution_coefficients: !!opencv-matrix
   rows: 5
   cols: 1
   dt: d
   data: [ -5.1395296421286807e-01, 3.7596205366084892e+00, 0., 0.,
       -2.0686724704873573e+01 ]
camera_matrix: !!opencv-matrix
   rows: 3
   cols: 3
   dt: d
   data: [ 9.8547528288754745e+02, 0., 3.2350000000000000e+02, 0.,
       9.8547528288754745e+02, 2.4350000000000000e+02, 0., 0., 1. ]
corners:
   - 1.46230988e+02
   - 1.61420197e+02
   - 2.48939148e+02
   - 1.41587860e+02
   - 3.54388763e+02
   - 1.22505486e+02
   - 4.58249359e+02
   - 1.04330017e+02
   - 1.64228500e+02
   - 2.65799561e+02
   - 2.67642517e+02
   - 2.46565628e+02
   - 3.74065369e+02
   - 2.27080185e+02
   - 4.77862823e+02
   - 2.08469604e+02
   - 1.83535263e+02
   - 3.71401611e+02
   - 2.88004395e+02
   - 3.52141266e+02
   - 3.93111542e+02
   - 3.32791748e+02
   - 4.96858521e+02
   - 3.13328400e+02
   - 2.49517380e+02
   - 2.20388306e+02
   - 3.55707336e+02
   - 2.19493378e+02
   - 4.62348724e+02
   - 2.19169495e+02
   - 5.65822388e+02
   - 2.18980331e+02
   - 2.49982986e+02
   - 3.27552643e+02
   - 3.55907867e+02
   - 3.26743439e+02
   - 4.63314819e+02
   - 3.25854248e+02
   - 5.65814209e+02
   - 3.24501495e+02
   - 2.51067581e+02
   - 4.34483948e+02
   - 3.57274048e+02
   - 4.33134613e+02
   - 4.62487793e+02
   - 4.31506470e+02
   - 5.64693604e+02
   - 4.28710175e+02
   - 1.44209991e+02
   - 1.58049789e+02
   - 2.48388016e+02
   - 1.56916168e+02
   - 3.55424500e+02
   - 1.56814667e+02
   - 4.61600769e+02
   - 1.57303833e+02
   - 1.43214554e+02
   - 2.63872681e+02
   - 2.47807724e+02
   - 2.63685730e+02
   - 3.55963318e+02
   - 2.63495880e+02
   - 4.61737122e+02
   - 2.63838654e+02
   - 1.43628204e+02
   - 3.70555176e+02
   - 2.49100891e+02
   - 3.70643372e+02
   - 3.55413300e+02
   - 3.70738770e+02
   - 4.61557281e+02
   - 3.70244354e+02
   - 1.55732925e+02
   - 1.03230934e+02
   - 2.55827698e+02
   - 1.28322861e+02
   - 3.59361542e+02
   - 1.55288788e+02
   - 4.62350922e+02
   - 1.82626785e+02
   - 1.27595367e+02
   - 2.04740234e+02
   - 2.28103073e+02
   - 2.31194321e+02
   - 3.32367950e+02
   - 2.58408600e+02
   - 4.35114960e+02
   - 2.85829163e+02
   - 1.00855698e+02
   - 3.07621307e+02
   - 2.01596954e+02
   - 3.34622101e+02
   - 3.04563751e+02
   - 3.62183685e+02
   - 4.08034515e+02
   - 3.88924469e+02
   - 2.32119247e+02
   - 3.93994026e+01
   - 3.35726654e+02
   - 3.55136108e+01
   - 4.40634308e+02
   - 3.35071259e+01
   - 5.42307251e+02
   - 3.27386818e+01
   - 2.33958038e+02
   - 1.43004440e+02
   - 3.39246460e+02
   - 1.38987518e+02
   - 4.45758789e+02
   - 1.36312057e+02
   - 5.48028198e+02
   - 1.34569412e+02
   - 2.36937256e+02
   - 2.49595078e+02
   - 3.43449341e+02
   - 2.45939972e+02
   - 4.49860291e+02
   - 2.42269836e+02
   - 5.52905396e+02
   - 2.39332336e+02
   - 2.65366516e+02
   - 2.91917858e+01
   - 3.66514954e+02
   - 5.16920815e+01
   - 4.68930817e+02
   - 7.63086090e+01
   - 5.68690735e+02
   - 1.01643631e+02
   - 2.40163422e+02
   - 1.29884277e+02
   - 3.42726654e+02
   - 1.52990311e+02
   - 4.46883606e+02
   - 1.77625549e+02
   - 5.47386902e+02
   - 2.02293869e+02
   - 2.15531738e+02
   - 2.33598724e+02
   - 3.19139984e+02
   - 2.57405884e+02
   - 4.23109833e+02
   - 2.81331207e+02
   - 5.24751770e+02
   - 3.05229675e+02
   - 2.25034225e+02
   - 3.19306850e+01
   - 3.27758453e+02
   - 4.27897911e+01
   - 4.32680603e+02
   - 5.55994987e+01
   - 5.35196899e+02
   - 6.94258194e+01
   - 2.10928558e+02
   - 1.34515991e+02
   - 3.15400452e+02
   - 1.45908417e+02
   - 4.21799530e+02
   - 1.58660614e+02
   - 5.24994568e+02
   - 1.71934311e+02
   - 1.97900299e+02
   - 2.40245010e+02
   - 3.03461395e+02
   - 2.52374542e+02
   - 4.09668365e+02
   - 2.64594513e+02
   - 5.13869751e+02
   - 2.77006439e+02
   - 1.44359924e+02
   - 1.78386581e+02
   - 2.46947739e+02
   - 1.57591766e+02
   - 3.52050293e+02
   - 1.37367111e+02
   - 4.55743408e+02
   - 1.17930466e+02
   - 1.63659592e+02
   - 2.82653992e+02
   - 2.66723724e+02
   - 2.62344604e+02
   - 3.72785370e+02
   - 2.41780472e+02
   - 4.76373535e+02
   - 2.21963486e+02
   - 1.84443634e+02
   - 3.87666138e+02
   - 2.88286407e+02
   - 3.67449524e+02
   - 3.92837280e+02
   - 3.47083679e+02
   - 4.96332123e+02
   - 3.26469513e+02
   - 1.41239304e+02
   - 1.60048920e+02
   - 2.43690216e+02
   - 1.40560120e+02
   - 3.48887329e+02
   - 1.21779129e+02
   - 4.52708405e+02
   - 1.03753159e+02
   - 1.58823654e+02
   - 2.64309418e+02
   - 2.62077606e+02
   - 2.45252762e+02
   - 3.68313843e+02
   - 2.26104965e+02
   - 4.72034912e+02
   - 2.07777145e+02
   - 1.77852081e+02
   - 3.69626312e+02
   - 2.82052155e+02
   - 3.50640717e+02
   - 3.87031250e+02
   - 3.31660767e+02
   - 4.90716187e+02
   - 3.12597473e+02
   - 1.38833679e+02
   - 1.54527924e+02
   - 2.41401337e+02
   - 1.35487366e+02
   - 3.46653412e+02
   - 1.17335396e+02
   - 4.50604797e+02
   - 9.99225769e+01
   - 1.55729233e+02
   - 2.58649689e+02
   - 2.59066803e+02
   - 2.40256516e+02
   - 3.65426788e+02
   - 2.21650482e+02
   - 4.69378265e+02
   - 2.04051254e+02
   - 1.74195755e+02
   - 3.64120209e+02
   - 2.78393738e+02
   - 3.45755341e+02
   - 3.83584686e+02
   - 3.27405212e+02
   - 4.87559784e+02
   - 3.08840088e+02
   - 1.93008575e+02
   - 1.55446350e+02
   - 2.97440918e+02
   - 1.43808060e+02
   - 4.03610779e+02
   - 1.33078903e+02
   - 5.07638763e+02
   - 1.23073318e+02
   - 2.03386795e+02
   - 2.61320587e+02
   - 3.08350525e+02
   - 2.49738449e+02
   - 4.15613464e+02
   - 2.38532349e+02
   - 5.19312927e+02
   - 2.27774933e+02
   - 2.14673889e+02
   - 3.67773743e+02
   - 3.20599701e+02
   - 3.56585175e+02
   - 4.26455048e+02
   - 3.44807556e+02
   - 5.30186157e+02
   - 3.33253418e+02
   - 1.84930496e+02
   - 1.88731674e+02
   - 2.90112976e+02
   - 1.88502945e+02
   - 3.97361664e+02
   - 1.89114838e+02
   - 5.02886658e+02
   - 1.90098022e+02
   - 1.84021393e+02
   - 2.95342255e+02
   - 2.89296295e+02
   - 2.95662781e+02
   - 3.97449738e+02
   - 2.95996185e+02
   - 5.02351990e+02
   - 2.96195984e+02
   - 1.84187119e+02
   - 4.01951996e+02
   - 2.90117676e+02
   - 4.02533203e+02
   - 3.96303650e+02
   - 4.02636993e+02
   - 5.01403137e+02
   - 4.01885834e+02
board_size: [ 4, 3 ]
inches_conversion_factor: 34
