%YAML:1.0
distribution_coefficients: !!opencv-matrix
   rows: 5
   cols: 1
   dt: d
   data: [ -6.2395477316171921e-01, -7.8737223488581973e+00, 0., 0.,
       2.5557880676033602e+02 ]
camera_matrix: !!opencv-matrix
   rows: 3
   cols: 3
   dt: d
   data: [ 1.5694762289887672e+03, 0., 3.2350000000000000e+02, 0.,
       1.5694762289887672e+03, 2.4350000000000000e+02, 0., 0., 1. ]
inches_conversion_factor: 8.2244377126710027e-04
