%YAML:1.0
distribution_coefficients: !!opencv-matrix
   rows: 5
   cols: 1
   dt: d
   data: [ -6.3942480903618293e-01, -2.6141760157573204e+00, 0., 0.,
       4.3613260583487545e+01 ]
camera_matrix: !!opencv-matrix
   rows: 3
   cols: 3
   dt: d
   data: [ 1.6440381403156421e+03, 0., 3.2350000000000000e+02, 0.,
       1.6440381403156421e+03, 2.4350000000000000e+02, 0., 0., 1. ]
inches_conversion_factor: 1.3860724106019842e-03
